object Form1: TForm1
  Left = 0
  Top = 0
  Caption = 'TelaPrincipal'
  ClientHeight = 548
  ClientWidth = 454
  FormFactor.Width = 320
  FormFactor.Height = 480
  FormFactor.Devices = [Desktop]
  DesignerMasterStyle = 0
  object ImageViewer1: TImageViewer
    Position.X = 216.000000000000000000
    Position.Y = 168.000000000000000000
    TabOrder = 1
    Viewport.Width = 46.000000000000000000
    Viewport.Height = 46.000000000000000000
  end
end
